[metadata]
calibration_type = "custom_multi_camera"
reference_camera = "1"
num_cameras = 3

[cam_1]
name = "1"
size = [ 1920, 1080,]
matrix = [ [ 1952.6306442167668, 0.0, 852.7127204599965,], [ 0.0, 1887.6827969756848, 589.0593204479374,], [ 0.0, 0.0, 1.0,],]
distortions = [ 0.043368831925885, -0.5319874814642032, 0.02887628704025548, -0.024012153048057268, 1.3878924184522703,]
rotation = [ 0.0, 0.0, 0.0,]
translation = [ 0.0, 0.0, 0.0,]
rotation_matrix = [ [ 1.0, 0.0, 0.0,], [ 0.0, 1.0, 0.0,], [ 0.0, 0.0, 1.0,],]
calibration_error = 1.223517591025741
RDistort = [ [ 0.043368831925885, -0.5319874814642032,],]
TDistort = [ [ 0.02887628704025548, -0.024012153048057268,],]
additional_distortion = [ 1.3878924184522703,]

[cam_2]
name = "2"
size = [ 1920, 1080,]
matrix = [ [ 2224.9429839326813, 0.0, 1030.2119616867567,], [ 0.0, 2174.5217559488146, 572.1599980022128,], [ 0.0, 0.0, 1.0,],]
distortions = [ -0.14254372152541703, 1.7092901779338365, 0.007134182229103344, 0.012382854716310374, -6.5074141582166884,]
rotation = [ 0.20291109121906725, 0.3838002460168112, 0.4163391354503904,]
translation = [ -440.0261472053039, -213.3562957031037, -74.32003746985987,]
rotation_matrix = [ [ 0.844455470678768, -0.3539045362729829, 0.4020529035414432,], [ 0.4294619087667886, 0.8959395352005881, -0.11337909058966965,], [ -0.32008971704677786, 0.26841000068916826, 0.9085695595665507,],]
calibration_error = 2.9482331014043237
RDistort = [ [ -0.14254372152541703, 1.7092901779338365,],]
TDistort = [ [ 0.007134182229103344, 0.012382854716310374,],]
additional_distortion = [ -6.5074141582166884,]

[cam_3]
name = "3"
size = [ 1920, 1080,]
matrix = [ [ 2170.8224652932754, 0.0, 936.5911874898168,], [ 0.0, 2213.0286911945936, 824.9449543581395,], [ 0.0, 0.0, 1.0,],]
distortions = [ 0.18349066647001733, -1.4752862215413884, 0.03654809705196919, 0.00048253158708384087, 2.796347065619295,]
rotation = [ 0.5616481185927726, 1.6939771464565343, 1.41801887323742,]
translation = [ -559.2308929822905, -644.2086567999739, 519.5336949361545,]
rotation_matrix = [ [ -0.5505705612699958, -0.1700449464326979, 0.8172862248047155,], [ 0.7746108546463579, 0.2609161151845222, 0.5761083272276627,], [ -0.3112074564127301, 0.9502670661607291, -0.011934070697002972,],]
calibration_error = 1.802160599928702
RDistort = [ [ 0.18349066647001733, -1.4752862215413884,],]
TDistort = [ [ 0.03654809705196919, 0.00048253158708384087,],]
additional_distortion = [ 2.796347065619295,]

[metadata.board_config]
squares_x = 10
squares_y = 7
square_length = 25.0
marker_length = 18.75
marker_dict = 0
